waypoints:
- id: 0
  x: 2.4819750785827637
  y: -0.27511632442474365
  yaw: 2.174064661114226
- id: 1
  x: 0.96326744556427
  y: 2.7842517495155334
  yaw: -2.29862582469589
- id: 2
  x: 2.4381580352783203
  y: -2.1745700240135193
  yaw: 2.4087633198492298
